1.561306527900000463e+00 8.396335224000002206e-01 1.192863059100000012e+00 7.586182944000001704e-01 1.415716274700000277e+00 1.030016677500000144e+00 8.755926795000001928e-01 1.536103663200000247e+00 8.414725635000001036e-01 1.214095687200000162e+00 7.235162154000002177e-01 1.133100316800000229e+00
1.133100316800000229e+00 1.561306527900000463e+00 8.396335224000002206e-01 1.192863059100000012e+00 7.586182944000001704e-01 1.415716274700000277e+00 1.030016677500000144e+00 8.755926795000001928e-01 1.536103663200000247e+00 8.414725635000002146e-01 1.214095687200000162e+00 7.235162154000002177e-01
7.235162154000002177e-01 1.133100316800000229e+00 1.561306527900000463e+00 8.396335224000002206e-01 1.192863059100000012e+00 7.586182944000001704e-01 1.415716274700000277e+00 1.030016677500000366e+00 8.755926795000001928e-01 1.536103663200000247e+00 8.414725635000002146e-01 1.214095687200000162e+00
1.214095687200000162e+00 7.235162154000002177e-01 1.133100316800000229e+00 1.561306527900000463e+00 8.396335224000001096e-01 1.192863059100000012e+00 7.586182944000001704e-01 1.415716274700000277e+00 1.030016677500000366e+00 8.755926795000001928e-01 1.536103663200000247e+00 8.414725635000002146e-01
8.414725635000002146e-01 1.214095687200000162e+00 7.235162154000002177e-01 1.133100316800000229e+00 1.561306527900000463e+00 8.396335224000001096e-01 1.192863059100000012e+00 7.586182944000001704e-01 1.415716274700000277e+00 1.030016677500000144e+00 8.755926795000001928e-01 1.536103663200000247e+00
1.536103663200000247e+00 8.414725635000002146e-01 1.214095687200000162e+00 7.235162154000002177e-01 1.133100316800000229e+00 1.561306527900000463e+00 8.396335224000001096e-01 1.192863059100000234e+00 7.586182944000001704e-01 1.415716274700000277e+00 1.030016677500000144e+00 8.755926795000001928e-01
8.755926795000001928e-01 1.536103663200000247e+00 8.414725635000002146e-01 1.214095687200000162e+00 7.235162154000002177e-01 1.133100316800000229e+00 1.561306527900000463e+00 8.396335224000002206e-01 1.192863059100000234e+00 7.586182944000001704e-01 1.415716274700000277e+00 1.030016677500000144e+00
1.030016677500000144e+00 8.755926795000001928e-01 1.536103663200000247e+00 8.414725635000002146e-01 1.214095687200000162e+00 7.235162154000002177e-01 1.133100316800000229e+00 1.561306527900000463e+00 8.396335224000002206e-01 1.192863059100000012e+00 7.586182944000001704e-01 1.415716274700000277e+00
1.415716274700000277e+00 1.030016677500000144e+00 8.755926795000001928e-01 1.536103663200000247e+00 8.414725635000002146e-01 1.214095687200000162e+00 7.235162154000002177e-01 1.133100316800000007e+00 1.561306527900000463e+00 8.396335224000002206e-01 1.192863059100000012e+00 7.586182944000001704e-01
7.586182944000001704e-01 1.415716274700000277e+00 1.030016677500000144e+00 8.755926795000001928e-01 1.536103663200000247e+00 8.414725635000002146e-01 1.214095687200000162e+00 7.235162154000002177e-01 1.133100316800000007e+00 1.561306527900000463e+00 8.396335224000002206e-01 1.192863059100000012e+00
1.192863059100000012e+00 7.586182944000001704e-01 1.415716274700000277e+00 1.030016677500000144e+00 8.755926795000001928e-01 1.536103663200000247e+00 8.414725635000002146e-01 1.214095687200000162e+00 7.235162154000002177e-01 1.133100316800000229e+00 1.561306527900000463e+00 8.396335224000002206e-01
8.396335224000002206e-01 1.192863059100000012e+00 7.586182944000001704e-01 1.415716274700000277e+00 1.030016677500000144e+00 8.755926795000001928e-01 1.536103663200000247e+00 8.414725635000001036e-01 1.214095687200000162e+00 7.235162154000002177e-01 1.133100316800000229e+00 1.561306527900000463e+00
1.622160757800000130e+00 8.027398386000001995e-01 1.158742943100000256e+00 1.381344982200000349e+00 9.794649735000000579e-01 1.048636970100000010e+00 8.594992755000001594e-01 1.546622578800000314e+00 1.052296601400000142e+00 1.017899085600000086e+00 1.127755566000000265e+00 9.861934689000001475e-01
9.861934689000001475e-01 1.622160757800000130e+00 8.027398386000001995e-01 1.158742943100000256e+00 1.381344982200000349e+00 9.794649735000000579e-01 1.048636970100000010e+00 8.594992755000001594e-01 1.546622578800000314e+00 1.052296601400000142e+00 1.017899085600000086e+00 1.127755566000000265e+00
1.127755566000000265e+00 9.861934689000001475e-01 1.622160757800000130e+00 8.027398386000001995e-01 1.158742943100000256e+00 1.381344982200000349e+00 9.794649735000000579e-01 1.048636970100000232e+00 8.594992755000001594e-01 1.546622578800000314e+00 1.052296601400000142e+00 1.017899085600000086e+00
1.017899085600000086e+00 1.127755566000000265e+00 9.861934689000001475e-01 1.622160757800000130e+00 8.027398386000001995e-01 1.158742943100000256e+00 1.381344982200000349e+00 9.794649735000001689e-01 1.048636970100000232e+00 8.594992755000001594e-01 1.546622578800000314e+00 1.052296601400000142e+00
1.052296601400000142e+00 1.017899085600000086e+00 1.127755566000000265e+00 9.861934689000001475e-01 1.622160757800000130e+00 8.027398386000001995e-01 1.158742943100000256e+00 1.381344982200000349e+00 9.794649735000001689e-01 1.048636970100000232e+00 8.594992755000001594e-01 1.546622578800000314e+00
1.546622578800000314e+00 1.052296601400000142e+00 1.017899085600000086e+00 1.127755566000000265e+00 9.861934689000002585e-01 1.622160757800000130e+00 8.027398386000001995e-01 1.158742943100000256e+00 1.381344982200000349e+00 9.794649735000001689e-01 1.048636970100000232e+00 8.594992755000001594e-01
8.594992755000001594e-01 1.546622578800000314e+00 1.052296601400000142e+00 1.017899085600000086e+00 1.127755566000000265e+00 9.861934689000002585e-01 1.622160757800000130e+00 8.027398386000000885e-01 1.158742943100000256e+00 1.381344982200000349e+00 9.794649735000001689e-01 1.048636970100000232e+00
1.048636970100000232e+00 8.594992755000001594e-01 1.546622578800000314e+00 1.052296601400000142e+00 1.017899085600000086e+00 1.127755566000000265e+00 9.861934689000002585e-01 1.622160757800000130e+00 8.027398386000000885e-01 1.158742943100000256e+00 1.381344982200000349e+00 9.794649735000001689e-01
9.794649735000001689e-01 1.048636970100000232e+00 8.594992755000001594e-01 1.546622578800000314e+00 1.052296601400000142e+00 1.017899085600000086e+00 1.127755566000000265e+00 9.861934689000001475e-01 1.622160757800000130e+00 8.027398386000001995e-01 1.158742943100000256e+00 1.381344982200000349e+00
1.381344982200000349e+00 9.794649735000001689e-01 1.048636970100000232e+00 8.594992755000001594e-01 1.546622578800000314e+00 1.052296601400000142e+00 1.017899085600000086e+00 1.127755566000000265e+00 9.861934689000001475e-01 1.622160757800000130e+00 8.027398386000001995e-01 1.158742943100000256e+00
1.158742943100000256e+00 1.381344982200000349e+00 9.794649735000001689e-01 1.048636970100000232e+00 8.594992755000001594e-01 1.546622578800000314e+00 1.052296601400000142e+00 1.017899085600000086e+00 1.127755566000000265e+00 9.861934689000001475e-01 1.622160757800000130e+00 8.027398386000001995e-01
8.027398386000001995e-01 1.158742943100000256e+00 1.381344982200000349e+00 9.794649735000001689e-01 1.048636970100000010e+00 8.594992755000001594e-01 1.546622578800000314e+00 1.052296601400000142e+00 1.017899085600000086e+00 1.127755566000000265e+00 9.861934689000001475e-01 1.622160757800000130e+00
